2.6 25.3 40.0 p1
5.0 16.3 27.3 p2
6.4 26.2 46.9 p3
8.4 20.4 38.5 p4
10.9 22.4 38.8 p5
12.9 14.5 49.0 p6
14.6 24.3 45.7 p7
16.3 20.6 60.4 p8
18.5 16.0 39.3 p9
20.8 28.3 68.0 p10
22.2 1.7 39.3 p11
24.2 6.6 38.8 p12
26.2 15.4 55.1 p13
28.7 8.1 48.1 p14
30.9 18.7 67.6 p15
32.3 15.1 60.9 p16
34.1 6.7 60.0 p17
36.3 15.3 75.9 p18
38.7 5.0 52.6 p19
40.3 12.3 68.8 p20
42.4 14.3 76.7 p21
44.7 13.5 65.9 p22
46.7 15.0 76.7 p23
48.7 7.7 86.4 p24
50.3 17.4 94.6 p25
52.5 10.4 77.9 p26
54.3 3.6 85.7 p27
56.1 4.9 79.1 p28
58.8 23.7 92.7 p29
60.6 10.3 75.2 p30
62.6 26.4 103.5 p31
64.3 20.4 99.3 p32
66.7 10.0 90.0 p33
68.4 7.1 103.1 p34
70.5 20.3 100.6 p35
72.8 19.5 93.4 p36
74.1 20.9 107.0 p37
76.4 27.8 115.8 p38
78.9 16.6 117.7 p39
80.1 29.3 111.7 p40
82.8 22.2 112.5 p41
84.8 25.9 126.7 p42
86.7 13.2 120.9 p43
88.3 13.1 116.7 p44
90.6 19.9 118.7 p45
92.7 26.9 130.8 p46
95.0 15.8 136.8 p47
96.1 12.4 126.4 p48
98.8 11.4 118.2 p49
100.6 16.5 131.1 p50
