337044
72916
2768

337044
74644
2768

337044
74644
2768

316128
53728
464

324196
61796
2768

337044
74644
2848

330620
68220
2768

337044
74644
2848

349892
87492
2768

324196
61796
2768

316128
53728
464

316128
53728
464

343468
81068
2848

330620
68220
2768

330620
68220
2848

337044
74644
2848

324196
61796
2768

330620
68220
2768

324196
61796
2768

330620
68220
2768

324196
61796
2768

337044
74644
2768

343468
81068
2768

316128
53728
464

330620
68220
2768

330620
68220
2768

330620
68220
2768

324196
61796
2768

337044
74644
2768

337044
74644
2768
