121408
14528
464

121408
14208
464

121408
14208
464

121088
14208
464

121408
14208
464

121408
14208
464

121408
14208
464

121408
14528
464

121408
14208
464

121408
14472
464

121088
14416
464

121408
14304
464

121408
14208
464

121088
14208
464

121408
14208
464

121408
14472
464

121408
14208
464

121408
14208
464

121408
14208
464

121408
14208
464

121408
14416
464

121408
14528
464

121408
14208
464

121408
14208
464

121408
14360
464

121408
14208
464

121408
14416
464

121408
14416
464

121408
14528
464

120128
14416
464
