67648
14208
464

67328
14208
464

67648
14208
464

67648
14208
464

67648
14528
464

67648
14208
464

67648
14208
464

67648
14528
464

67648
14528
464

67648
14528
464

67648
14208
464

67648
14208
464

67648
14208
464

67648
14208
464

67648
14528
464

67648
14208
464

67648
14208
464

67648
14208
464

67648
14208
464

67648
14528
464

67648
14208
464

67648
14208
464

67648
14208
464

67648
14208
464

67648
14208
464

67648
14208
464

67648
14208
464

67648
14208
464

67648
14208
464

67648
14208
464
