39328
26208
464

39328
26208
464

39328
26208
464

39328
26208
464

39328
26208
464

39328
26208
464

39328
26208
464

39328
26208
464

39328
26208
464

39328
26208
464

39328
26208
464

39328
26208
464

39328
26208
464

39328
26208
464

39328
26208
464

39328
26208
464

39328
26208
464

39328
26208
464

39328
26208
464

39328
26208
464

39328
26208
464

39328
26208
464

39328
26208
464

39328
26208
464

39328
26208
464

39328
26208
464

39328
26208
464

39328
26208
464

39328
26208
464

39328
26208
464
