164128
32928
464

168996
37796
2768

168996
37796
2768

164128
32928
464

172220
41020
2768

168996
37796
2768

168996
37796
2768

168996
37796
2768

168996
37796
2768

172220
41020
2816

172220
41020
2768

172220
41020
2768

175444
44244
2768

164128
32928
464

164128
32928
464

164128
32928
464

168996
37796
2768

168996
37796
2768

164128
32928
464

164128
32928
464

168996
37796
2768

168996
37796
2768

178668
47468
2768

168996
37796
2848

168996
37796
2768

168996
37796
2768

172220
41020
2768

175444
44244
2768

172220
41020
2768

164128
32928
464
